filename,start_sec,duration_sec,role,character,text,gap_after_sec
/Users/hiroshikodera/repos/_active/tools/davinciauto/projects/OrionEp11/サウンド類/Narration/OrionEp11-001-NA.mp3,0.500,5.064,NA,NA,専門を深めるべきか？視野を広げるべきか？,0.730
/Users/hiroshikodera/repos/_active/tools/davinciauto/projects/OrionEp11/サウンド類/Narration/OrionEp11-002-NA.mp3,6.294,6.456,NA,NA,キャリアプランの迷いは、優柔不断なのか、それとも時代の要請なのか？,0.782
/Users/hiroshikodera/repos/_active/tools/davinciauto/projects/OrionEp11/サウンド類/Narration/OrionEp11-003-NA.mp3,13.532,11.544,NA,NA,ルネサンスに現れた万能の天才と、群雄割拠時代を席巻した獅子と狐の戦略から、『深さと広さの螺旋』を描く8分間。,0.566
/Users/hiroshikodera/repos/_active/tools/davinciauto/projects/OrionEp11/サウンド類/Narration/OrionEp11-004-NA.mp3,25.642,10.656,NA,NA,深夜のオフィス。デスクには二つの本が並んでいます。『専門性を極める技術』と『リベラルアーツの教養』。,0.550
/Users/hiroshikodera/repos/_active/tools/davinciauto/projects/OrionEp11/サウンド類/Narration/OrionEp11-005-NA.mp3,36.848,5.712,NA,NA,どちらを読むべきか。いや、どちらの道を選ぶべきか——,0.454
/Users/hiroshikodera/repos/_active/tools/davinciauto/projects/OrionEp11/サウンド類/Narration/OrionEp11-006-NA.mp3,43.014,6.888,NA,NA,転職サイトには「スペシャリスト募集」と「ゼネラリスト歓迎」の文字が混在している。,0.510
/Users/hiroshikodera/repos/_active/tools/davinciauto/projects/OrionEp11/サウンド類/Narration/OrionEp11-007-NA.mp3,50.412,7.416,NA,NA,ようこそ、オリオンの会議室へ。今夜のテーマは「スペシャリストかゼネラリストか」。,0.510
/Users/hiroshikodera/repos/_active/tools/davinciauto/projects/OrionEp11/サウンド類/Narration/OrionEp11-008-NA.mp3,58.338,3.240,NA,NA,今夜結ぶのは、こんな星座。,0.402
/Users/hiroshikodera/repos/_active/tools/davinciauto/projects/OrionEp11/サウンド類/Narration/OrionEp11-009-NA.mp3,61.980,14.328,NA,NA,絵画も解剖学も極めたレオナルド・ダ・ヴィンチ、獅子と狐の使い分けを説いたマキャヴェリ、「智と情」の間で揺れた夏目漱石、認知的柔軟性を研究する脳科学者たち——,0.662
/Users/hiroshikodera/repos/_active/tools/davinciauto/projects/OrionEp11/サウンド類/Narration/OrionEp11-010-NA.mp3,76.970,10.632,NA,NA,万能と専門、広さと深さ。一見矛盾する星々が、現代のキャリア論でひとつの物語を紡ぎ始めます。,0.530
/Users/hiroshikodera/repos/_active/tools/davinciauto/projects/OrionEp11/サウンド類/Narration/OrionEp11-011-NA.mp3,88.132,4.632,NA,NA,人事評価の季節。上司との面談。,0.410
/Users/hiroshikodera/repos/_active/tools/davinciauto/projects/OrionEp11/サウンド類/Narration/OrionEp11-012-DL.mp3,93.174,6.624,DL,上司,「君はどっちを目指すんだ？技術のスペシャリスト？それともマネジメント？」,1.044
/Users/hiroshikodera/repos/_active/tools/davinciauto/projects/OrionEp11/サウンド類/Narration/OrionEp11-013-NA.mp3,100.842,7.416,NA,NA,答えに詰まります。プログラミングも好き、でもプロジェクト全体を見るのも楽しい。,0.506
/Users/hiroshikodera/repos/_active/tools/davinciauto/projects/OrionEp11/サウンド類/Narration/OrionEp11-014-NA.mp3,108.764,15.408,NA,NA,同期の山田は、機械学習一筋。国際学会で発表するレベル。同期の佐藤は、営業から企画、開発まで何でもこなす。どちらも評価されている。,0.606
/Users/hiroshikodera/repos/_active/tools/davinciauto/projects/OrionEp11/サウンド類/Narration/OrionEp11-015-DL.mp3,124.778,3.576,DL,内なる声,「私は...中途半端なのかもしれない」,0.676
/Users/hiroshikodera/repos/_active/tools/davinciauto/projects/OrionEp11/サウンド類/Narration/OrionEp11-016-NA.mp3,129.030,12.288,NA,NA,T型人材、π型人材、最近では「くし型人材」なんて言葉も。キャリアの「型」は増える一方で、自分の型が見えなくなっていく。,0.586
/Users/hiroshikodera/repos/_active/tools/davinciauto/projects/OrionEp11/サウンド類/Narration/OrionEp11-017-NA.mp3,141.904,9.120,NA,NA,15世紀のフィレンツェ。一人の男が、人類史上最も多才な人物として活躍していました。,0.514
/Users/hiroshikodera/repos/_active/tools/davinciauto/projects/OrionEp11/サウンド類/Narration/OrionEp11-018-NA.mp3,151.538,2.904,NA,NA,レオナルド・ダ・ヴィンチ。,0.402
/Users/hiroshikodera/repos/_active/tools/davinciauto/projects/OrionEp11/サウンド類/Narration/OrionEp11-019-NA.mp3,154.844,9.312,NA,NA,モナリザを描いた画家？最後の晩餐の作者？いいえ、それは彼のほんの一面に過ぎません。,0.814
/Users/hiroshikodera/repos/_active/tools/davinciauto/projects/OrionEp11/サウンド類/Narration/OrionEp11-020-NA.mp3,164.970,14.424,NA,NA,解剖学者として多数の人体を解剖し詳細な解剖図を残し、工学者として飛行機械を設計、建築家として理想都市を構想、音楽家として竪琴を演奏——,0.618
/Users/hiroshikodera/repos/_active/tools/davinciauto/projects/OrionEp11/サウンド類/Narration/OrionEp11-021-DL.mp3,180.012,6.720,DL,ダ・ヴィンチ,「すべては繋がっている。人体の構造を知らずして、どうして人を描けようか」,0.744
/Users/hiroshikodera/repos/_active/tools/davinciauto/projects/OrionEp11/サウンド類/Narration/OrionEp11-022-NA.mp3,187.476,11.520,NA,NA,彼にとって、専門の境界は存在しませんでした。解剖学の知識が絵画を深め、絵画の観察眼が工学設計を助ける。,0.554
/Users/hiroshikodera/repos/_active/tools/davinciauto/projects/OrionEp11/サウンド類/Narration/OrionEp11-023-NA.mp3,199.550,8.088,NA,NA,しかし、ここで重要な事実があります。ダ・ヴィンチは同時にすべてを学んだのではない。,0.514
/Users/hiroshikodera/repos/_active/tools/davinciauto/projects/OrionEp11/サウンド類/Narration/OrionEp11-024-NA.mp3,208.152,13.056,NA,NA,若い頃は絵画に没頭。30代で解剖学、40代で工学——螺旋を描くように、一つの専門が次の専門への扉を開いていったのです。,0.586
/Users/hiroshikodera/repos/_active/tools/davinciauto/projects/OrionEp11/サウンド類/Narration/OrionEp11-025-NA.mp3,221.794,4.776,NA,NA,そして彼のノートには、こんな言葉が残されています。,0.450
/Users/hiroshikodera/repos/_active/tools/davinciauto/projects/OrionEp11/サウンド類/Narration/OrionEp11-026-NA.mp3,227.020,4.560,NA,NA,「完璧を求めるあまり、何も完成させられない」,0.438
/Users/hiroshikodera/repos/_active/tools/davinciauto/projects/OrionEp11/サウンド類/Narration/OrionEp11-027-NA.mp3,232.018,5.664,NA,NA,万能の天才も、すべてを極めることの不可能性を知っていました。,0.470
/Users/hiroshikodera/repos/_active/tools/davinciauto/projects/OrionEp11/サウンド類/Narration/OrionEp11-028-NA.mp3,238.152,6.624,NA,NA,同じルネサンス期、フィレンツェの政治家マキャヴェリは、別の視点を提供します。,0.502
/Users/hiroshikodera/repos/_active/tools/davinciauto/projects/OrionEp11/サウンド類/Narration/OrionEp11-029-NA.mp3,245.278,5.976,NA,NA,『君主論』で彼は、理想の指導者について独特の比喩を用いました。,0.474
/Users/hiroshikodera/repos/_active/tools/davinciauto/projects/OrionEp11/サウンド類/Narration/OrionEp11-030-DL.mp3,251.728,8.232,DL,マキャヴェリ,「君主は獅子であると同時に狐でなければならない。獅子は罠を見破れず、狐は狼を追い払えない」,0.780
/Users/hiroshikodera/repos/_active/tools/davinciauto/projects/OrionEp11/サウンド類/Narration/OrionEp11-031-NA.mp3,260.740,10.272,NA,NA,獅子の力と狐の知恵——マキャヴェリはこの比喩で、力と策略、専門性と柔軟性の両面の必要性を説いたとされます。,0.562
/Users/hiroshikodera/repos/_active/tools/davinciauto/projects/OrionEp11/サウンド類/Narration/OrionEp11-032-NA.mp3,271.574,6.552,NA,NA,マキャヴェリが示唆するのは、「どちらか」ではなく「使い分け」という第三の道。,0.502
/Users/hiroshikodera/repos/_active/tools/davinciauto/projects/OrionEp11/サウンド類/Narration/OrionEp11-033-NA.mp3,278.628,12.192,NA,NA,状況によって獅子になり、必要に応じて狐になる。深さと広さは、固定的な属性ではなく、戦略的に選択するモードなのです。,0.578
/Users/hiroshikodera/repos/_active/tools/davinciauto/projects/OrionEp11/サウンド類/Narration/OrionEp11-034-NA.mp3,291.398,9.000,NA,NA,明治の日本。夏目漱石は『草枕』の冒頭で、人生の難しさを詩的に表現しました。,0.498
/Users/hiroshikodera/repos/_active/tools/davinciauto/projects/OrionEp11/サウンド類/Narration/OrionEp11-035-DL.mp3,300.896,7.176,DL,漱石の言葉,「智に働けば角が立つ。情に棹させば流される。意地を通せば窮屈だ」,0.728
/Users/hiroshikodera/repos/_active/tools/davinciauto/projects/OrionEp11/サウンド類/Narration/OrionEp11-036-NA.mp3,308.800,12.456,NA,NA,専門性を追求すれば視野が狭まる。幅広く学べば深みがなくなる。このジレンマを、漱石は人生の本質として受け入れました。,0.578
/Users/hiroshikodera/repos/_active/tools/davinciauto/projects/OrionEp11/サウンド類/Narration/OrionEp11-037-NA.mp3,321.834,4.296,NA,NA,興味深いのは、漱石自身のキャリアです。,0.426
/Users/hiroshikodera/repos/_active/tools/davinciauto/projects/OrionEp11/サウンド類/Narration/OrionEp11-038-NA.mp3,326.556,15.552,NA,NA,英文学者として出発し、小説家となり、漢詩も詠み、絵も描いた。しかし彼は「万能」を目指したのではない。それぞれの時期に、それぞれの表現を必要としたのです。,0.654
/Users/hiroshikodera/repos/_active/tools/davinciauto/projects/OrionEp11/サウンド類/Narration/OrionEp11-039-NA.mp3,342.762,17.256,NA,NA,日本には「一芸に通ずるは万芸に通ず」という言葉があります。これは世阿弥の『花鏡』にも見られる考え方で、一つを極めることで見えてくる普遍的な原理が、他の分野にも応用できるという洞察です。,0.718
/Users/hiroshikodera/repos/_active/tools/davinciauto/projects/OrionEp11/サウンド類/Narration/OrionEp11-040-NA.mp3,360.736,6.840,NA,NA,進化生物学で知られる「適応放散」は、この考え方を裏付けています。,0.478
/Users/hiroshikodera/repos/_active/tools/davinciauto/projects/OrionEp11/サウンド類/Narration/OrionEp11-041-NA.mp3,368.054,18.384,NA,NA,ダーウィンの研究で有名なガラパゴス諸島のフィンチ。たった一種の祖先から、環境に応じてくちばしの形が異なる多様な種が進化しました。これは、環境に応じて特化と汎化を使い分ける戦略の好例です。,0.722
/Users/hiroshikodera/repos/_active/tools/davinciauto/projects/OrionEp11/サウンド類/Narration/OrionEp11-042-NA.mp3,387.160,18.168,NA,NA,最も成功した種は、特化できる能力と、必要に応じて汎化できる可塑性、両方を持っていました。環境が安定している時は特化が有利。しかし環境が激変する時は、ジェネラリストが生き残る。,0.698
/Users/hiroshikodera/repos/_active/tools/davinciauto/projects/OrionEp11/サウンド類/Narration/OrionEp11-043-NA.mp3,406.026,18.768,NA,NA,これは現代のキャリアにも当てはまります。産業が安定していた20世紀は、スペシャリゼーションが重視されました。しかしVUCAの21世紀は、状況に応じて特化と汎化を切り替える「適応的キャリア」が求められています。,0.750
/Users/hiroshikodera/repos/_active/tools/davinciauto/projects/OrionEp11/サウンド類/Narration/OrionEp11-044-NA.mp3,425.544,14.928,NA,NA,ノーベル賞受賞者のキャリアパスを分析した研究によると、若い時期に一つの分野を深め、その後関連分野に展開し、新しい統合を生み出すパターンが見られるという報告もあります。,0.682
/Users/hiroshikodera/repos/_active/tools/davinciauto/projects/OrionEp11/サウンド類/Narration/OrionEp11-045-NA.mp3,441.154,6.792,NA,NA,まるで、進化が教える生存戦略を、無意識に実践しているかのようです。,0.482
/Users/hiroshikodera/repos/_active/tools/davinciauto/projects/OrionEp11/サウンド類/Narration/OrionEp11-046-NA.mp3,448.428,4.248,NA,NA,では、私たちはどう考えればいいのでしょうか。,0.438
/Users/hiroshikodera/repos/_active/tools/davinciauto/projects/OrionEp11/サウンド類/Narration/OrionEp11-047-NA.mp3,453.114,11.952,NA,NA,ダ・ヴィンチが示すのは、すべてが繋がっているという視点。専門性は孤立したものではなく、他の知識と結びついて初めて花開く。,0.590
/Users/hiroshikodera/repos/_active/tools/davinciauto/projects/OrionEp11/サウンド類/Narration/OrionEp11-048-NA.mp3,465.656,10.800,NA,NA,マキャヴェリの獅子と狐は、状況に応じた使い分けの知恵。プレゼンでは狐のように広く、実装では獅子のように深く。,0.566
/Users/hiroshikodera/repos/_active/tools/davinciauto/projects/OrionEp11/サウンド類/Narration/OrionEp11-049-NA.mp3,477.022,12.528,NA,NA,漱石の「角が立つ」は、バランスの難しさの認識。完璧な「型」など存在しない。むしろ、その揺らぎの中に創造性が宿る。,0.574
/Users/hiroshikodera/repos/_active/tools/davinciauto/projects/OrionEp11/サウンド類/Narration/OrionEp11-050-NA.mp3,490.124,10.488,NA,NA,脳科学が教えるのは、固定観念からの解放。T型でもπ型でもなく、あなた独自の「変幻自在型」でいい。,0.542
/Users/hiroshikodera/repos/_active/tools/davinciauto/projects/OrionEp11/サウンド類/Narration/OrionEp11-051-NA.mp3,501.154,10.920,NA,NA,重要なのは、今この瞬間、何に集中すべきかを見極めること。そして、その選択に罪悪感を持たないこと。,0.542
/Users/hiroshikodera/repos/_active/tools/davinciauto/projects/OrionEp11/サウンド類/Narration/OrionEp11-052-NA.mp3,512.616,6.048,NA,NA,次の人事面談。上司の質問に、今度は迷いません。,0.442
/Users/hiroshikodera/repos/_active/tools/davinciauto/projects/OrionEp11/サウンド類/Narration/OrionEp11-053-DL.mp3,519.106,8.040,DL,あなた,「今は機械学習を深めます。でも、それはゴールではなく、次への入り口だと思っています」,0.768
/Users/hiroshikodera/repos/_active/tools/davinciauto/projects/OrionEp11/サウンド類/Narration/OrionEp11-054-DL.mp3,527.914,3.984,DL,上司,「なるほど、君なりの成長戦略があるんだね」,0.684
/Users/hiroshikodera/repos/_active/tools/davinciauto/projects/OrionEp11/サウンド類/Narration/OrionEp11-055-NA.mp3,532.582,5.976,NA,NA,スペシャリストかゼネラリストか——その問い自体が間違っていたのかもしれません。,0.506
/Users/hiroshikodera/repos/_active/tools/davinciauto/projects/OrionEp11/サウンド類/Narration/OrionEp11-056-NA.mp3,539.064,11.112,NA,NA,人生は長い。時期によって深め、時期によって広げる。螺旋階段のように、上昇しながら視野を広げていく。,0.546
/Users/hiroshikodera/repos/_active/tools/davinciauto/projects/OrionEp11/サウンド類/Narration/OrionEp11-057-NA.mp3,550.722,4.128,NA,NA,夜空を見上げると、オリオン座が輝いています。,0.438
/Users/hiroshikodera/repos/_active/tools/davinciauto/projects/OrionEp11/サウンド類/Narration/OrionEp11-058-NA.mp3,555.288,12.384,NA,NA,オリオンの三つ星は、それぞれ異なる恒星。距離も、大きさも、温度も違う。でも地球から見ると、美しい直線を描いています。,0.582
/Users/hiroshikodera/repos/_active/tools/davinciauto/projects/OrionEp11/サウンド類/Narration/OrionEp11-059-NA.mp3,568.254,12.432,NA,NA,あなたのキャリアも、今は点在する専門知識かもしれません。でも、いつか振り返った時、それらが美しい星座を描いていることに気づくでしょう。,0.618
/Users/hiroshikodera/repos/_active/tools/davinciauto/projects/OrionEp11/サウンド類/Narration/OrionEp11-060-NA.mp3,581.304,10.824,NA,NA,ダ・ヴィンチの万能性、マキャヴェリの戦略性、漱石の文学性——異なる才能が、時代を超えて私たちに語りかけています。,0.574
/Users/hiroshikodera/repos/_active/tools/davinciauto/projects/OrionEp11/サウンド類/Narration/OrionEp11-061-NA.mp3,592.702,8.688,NA,NA,深さも広さも、どちらも大切。ただし、同時にではなく、人生の異なる季節に。,0.494
/Users/hiroshikodera/repos/_active/tools/davinciauto/projects/OrionEp11/サウンド類/Narration/OrionEp11-062-NA.mp3,601.884,5.424,NA,NA,知識の星座は、見る人によって違う物語を紡ぎます。,0.446
/Users/hiroshikodera/repos/_active/tools/davinciauto/projects/OrionEp11/サウンド類/Narration/OrionEp11-063-NA.mp3,607.754,4.080,NA,NA,あなたは今夜、どんな星座を見つけましたか？,0.734
/Users/hiroshikodera/repos/_active/tools/davinciauto/projects/OrionEp11/サウンド類/Narration/OrionEp11-064-NA.mp3,612.568,10.488,NA,NA,明日、また新しい本を手に取る時、それが専門書でも教養書でも、あなたの星座の新しい一つの星になることを信じて。,0.566
