filename,start_sec,duration_sec,role,character,text,gap_after_sec
/Users/hiroshikodera/repos/_active/tools/davinciauto/projects/OrionEp8/サウンド類/Narration/OrionEp8-001-NA.mp3,0.500,6.432,NA,NA,5時起きの朝活を続けられない自分に、罪悪感を感じたことはありませんか？,0.790
/Users/hiroshikodera/repos/_active/tools/davinciauto/projects/OrionEp8/サウンド類/Narration/OrionEp8-002-NA.mp3,7.722,7.128,NA,NA,この罪悪感は、怠惰の証なのか、それとも体内時計の正直なサインなのか？,0.786
/Users/hiroshikodera/repos/_active/tools/davinciauto/projects/OrionEp8/サウンド類/Narration/OrionEp8-003-NA.mp3,15.636,9.528,NA,NA,型破りを説く禅の教えと、時間感覚を解明する生物学が示す、『あなただけの習慣』を見つける8分間。,0.538
/Users/hiroshikodera/repos/_active/tools/davinciauto/projects/OrionEp8/サウンド類/Narration/OrionEp8-004-NA.mp3,25.702,8.592,NA,NA,朝4時50分。スマホのアラームが鳴る。今日こそ5時起きを——でも、また二度寝。,0.506
/Users/hiroshikodera/repos/_active/tools/davinciauto/projects/OrionEp8/サウンド類/Narration/OrionEp8-005-NA.mp3,34.800,5.280,NA,NA,SNSには「今日も朝活完了！」の投稿が並ぶ。,0.438
/Users/hiroshikodera/repos/_active/tools/davinciauto/projects/OrionEp8/サウンド類/Narration/OrionEp8-006-NA.mp3,40.518,6.648,NA,NA,自己啓発書の山、使われないヨガマット、開かれない習慣トラッカーアプリ。,0.490
/Users/hiroshikodera/repos/_active/tools/davinciauto/projects/OrionEp8/サウンド類/Narration/OrionEp8-007-NA.mp3,47.656,3.600,NA,NA,みんなできているのに、なぜ自分だけ——,0.426
/Users/hiroshikodera/repos/_active/tools/davinciauto/projects/OrionEp8/サウンド類/Narration/OrionEp8-008-NA.mp3,51.682,6.720,NA,NA,ようこそ、オリオンの会議室へ。今夜のテーマは「朝活の呪い」。,0.470
/Users/hiroshikodera/repos/_active/tools/davinciauto/projects/OrionEp8/サウンド類/Narration/OrionEp8-009-NA.mp3,58.872,17.688,NA,NA,今夜結ぶのは、こんな星座。「卓越性は習慣である」と説いたアリストテレス、型を極めて型を破る禅の教え、体内時計を研究する時間生物学者、規律化する権力を暴いたミシェル・フーコー——,0.702
/Users/hiroshikodera/repos/_active/tools/davinciauto/projects/OrionEp8/サウンド類/Narration/OrionEp8-010-NA.mp3,77.262,7.920,NA,NA,時代と大陸を超えた星々が、「習慣」という糸で新しい物語を紡ぎ始めます。,0.490
/Users/hiroshikodera/repos/_active/tools/davinciauto/projects/OrionEp8/サウンド類/Narration/OrionEp8-011-NA.mp3,85.672,3.720,NA,NA,月曜日の朝、オフィスの給湯室。,0.410
/Users/hiroshikodera/repos/_active/tools/davinciauto/projects/OrionEp8/サウンド類/Narration/OrionEp8-012-DL.mp3,89.802,5.784,DL,同僚A,「今朝も5時起きで2時間勉強したよ。もう3ヶ月続いてる」,0.712
/Users/hiroshikodera/repos/_active/tools/davinciauto/projects/OrionEp8/サウンド類/Narration/OrionEp8-013-DL.mp3,96.298,4.152,DL,あなた,「すごい...私なんて目覚ましさえ聞こえなかった」,0.700
/Users/hiroshikodera/repos/_active/tools/davinciauto/projects/OrionEp8/サウンド類/Narration/OrionEp8-014-NA.mp3,101.150,10.824,NA,NA,デスクに積まれた自己啓発書。『7つの習慣』『モーニング・ルーティン』『朝の黄金時間術』——どれも最初の数ページで挫折。,0.586
/Users/hiroshikodera/repos/_active/tools/davinciauto/projects/OrionEp8/サウンド類/Narration/OrionEp8-015-DL.mp3,112.560,2.904,DL,上司,「成功者はみんな朝型だからね」,0.660
/Users/hiroshikodera/repos/_active/tools/davinciauto/projects/OrionEp8/サウンド類/Narration/OrionEp8-016-NA.mp3,116.124,9.288,NA,NA,その言葉が、さらに罪悪感を深めていく。朝活できない自分は、成功から取り残されているのか——,0.530
/Users/hiroshikodera/repos/_active/tools/davinciauto/projects/OrionEp8/サウンド類/Narration/OrionEp8-017-NA.mp3,125.942,9.024,NA,NA,紀元前4世紀、アテネ。アリストテレスは『ニコマコス倫理学』で革命的な思想を説きました。,0.522
/Users/hiroshikodera/repos/_active/tools/davinciauto/projects/OrionEp8/サウンド類/Narration/OrionEp8-018-DL.mp3,135.488,3.912,DL,アリストテレス,「卓越性とは行為ではなく、習慣である」,0.676
/Users/hiroshikodera/repos/_active/tools/davinciauto/projects/OrionEp8/サウンド類/Narration/OrionEp8-019-NA.mp3,140.076,14.040,NA,NA,彼は「アレテー」を、繰り返しによって身につく第二の本性だと考えました。しかし——ここが重要です——彼は決して「万人共通の習慣」を説いてはいませんでした。,0.654
/Users/hiroshikodera/repos/_active/tools/davinciauto/projects/OrionEp8/サウンド類/Narration/OrionEp8-020-NA.mp3,154.770,10.632,NA,NA,アリストテレスが重視したのは「中庸」。それは機械的な中間ではなく、その人、その状況に応じた最適点。,0.546
/Users/hiroshikodera/repos/_active/tools/davinciauto/projects/OrionEp8/サウンド類/Narration/OrionEp8-021-NA.mp3,165.948,12.720,NA,NA,例えば勇気。臆病と無謀の間のどこが「勇気」かは、人によって違う。戦士と詩人では、求められる勇気の形が異なるのです。,0.578
/Users/hiroshikodera/repos/_active/tools/davinciauto/projects/OrionEp8/サウンド類/Narration/OrionEp8-022-NA.mp3,179.246,11.112,NA,NA,同じように、「良い習慣」も人それぞれ。朝型の哲学者プラトンと、夜型の詩人ホメロス、どちらが優れているわけでもない。,0.578
/Users/hiroshikodera/repos/_active/tools/davinciauto/projects/OrionEp8/サウンド類/Narration/OrionEp8-023-NA.mp3,190.936,15.096,NA,NA,さらにアリストテレスは「ヘクシス」という概念を提示します。これは単なる習慣ではなく、「状態としての傾向性」。つまり、柔軟に変化しながら保たれる性向です。,0.654
/Users/hiroshikodera/repos/_active/tools/davinciauto/projects/OrionEp8/サウンド類/Narration/OrionEp8-024-NA.mp3,206.686,12.720,NA,NA,現代の「習慣」が硬直的なルーティンを意味するのに対し、ヘクシスは生きた、呼吸する習慣。状況に応じて形を変えながら、本質を保つ。,0.602
/Users/hiroshikodera/repos/_active/tools/davinciauto/projects/OrionEp8/サウンド類/Narration/OrionEp8-025-NA.mp3,220.008,5.424,NA,NA,一方、日本の禅には「守破離」という教えがあります。,0.450
/Users/hiroshikodera/repos/_active/tools/davinciauto/projects/OrionEp8/サウンド類/Narration/OrionEp8-026-NA.mp3,225.882,10.056,NA,NA,守——型を忠実に守る段階。破——型を自分なりに破る段階。離——型から離れて自在になる段階。,0.530
/Users/hiroshikodera/repos/_active/tools/davinciauto/projects/OrionEp8/サウンド類/Narration/OrionEp8-027-NA.mp3,236.468,9.792,NA,NA,興味深いことに、禅は「型」の重要性を説きながら、同時にそれを破ることも求めます。なぜでしょうか？,0.842
/Users/hiroshikodera/repos/_active/tools/davinciauto/projects/OrionEp8/サウンド類/Narration/OrionEp8-028-NA.mp3,247.102,15.168,NA,NA,それは、型が目的ではなく、手段だから。坐禅の型も、茶道の作法も、それ自体が目的ではない。型を通じて、より深い何かに到達するための道具です。,0.626
/Users/hiroshikodera/repos/_active/tools/davinciauto/projects/OrionEp8/サウンド類/Narration/OrionEp8-029-NA.mp3,262.896,11.424,NA,NA,朝活も同じかもしれません。5時起きが目的ではなく、充実した人生への一つの道。でも、道は一つではない。,0.550
/Users/hiroshikodera/repos/_active/tools/davinciauto/projects/OrionEp8/サウンド類/Narration/OrionEp8-030-NA.mp3,274.870,14.688,NA,NA,道元禅師は「正法眼蔵」で説きます。「仏道をならふといふは、自己をならふ也」——つまり、真の修行とは、他人の型を真似ることではなく、自己を深く知ることなのです。,0.666
/Users/hiroshikodera/repos/_active/tools/davinciauto/projects/OrionEp8/サウンド類/Narration/OrionEp8-031-NA.mp3,290.224,6.480,NA,NA,21世紀、時間生物学は驚くべき事実を明らかにしました。,0.458
/Users/hiroshikodera/repos/_active/tools/davinciauto/projects/OrionEp8/サウンド類/Narration/OrionEp8-032-NA.mp3,297.162,16.296,NA,NA,人間には遺伝的に決まった「クロノタイプ」があります。朝型（ヒバリ型）は人口の約25%、夜型（フクロウ型）は約25%、中間型が約50%。,0.618
/Users/hiroshikodera/repos/_active/tools/davinciauto/projects/OrionEp8/サウンド類/Narration/OrionEp8-033-NA.mp3,314.076,9.192,NA,NA,これは意志の力では変えられません。時計遺伝子の変異によって、体内時計のリズムが決まっているのです。,0.546
/Users/hiroshikodera/repos/_active/tools/davinciauto/projects/OrionEp8/サウンド類/Narration/OrionEp8-034-NA.mp3,323.814,16.128,NA,NA,ノーベル賞を受賞した体内時計研究が示すのは、自分のリズムに逆らうことの危険性。夜型の人が無理に朝型生活をすると、認知機能の低下やうつ病リスクの増加が報告されています。,0.682
/Users/hiroshikodera/repos/_active/tools/davinciauto/projects/OrionEp8/サウンド類/Narration/OrionEp8-035-NA.mp3,340.624,12.552,NA,NA,さらに興味深いのは、創造性のピークタイム。朝型の人は午前中、夜型の人は夕方から夜にかけて創造性が高まる傾向があります。,0.586
/Users/hiroshikodera/repos/_active/tools/davinciauto/projects/OrionEp8/サウンド類/Narration/OrionEp8-036-NA.mp3,353.762,8.328,NA,NA,つまり、「朝活」が万人に有効という考えは、科学的には疑問視される可能性があるのです。,0.518
/Users/hiroshikodera/repos/_active/tools/davinciauto/projects/OrionEp8/サウンド類/Narration/OrionEp8-037-NA.mp3,362.608,9.000,NA,NA,20世紀フランスの哲学者ミシェル・フーコーは、「規律訓練」という概念で近代社会を分析しました。,0.538
/Users/hiroshikodera/repos/_active/tools/davinciauto/projects/OrionEp8/サウンド類/Narration/OrionEp8-038-NA.mp3,372.146,8.640,NA,NA,学校、工場、軍隊——これらの施設は、人々を「従順な身体」に作り変える装置だと。,0.506
/Users/hiroshikodera/repos/_active/tools/davinciauto/projects/OrionEp8/サウンド類/Narration/OrionEp8-039-DL.mp3,381.292,6.504,DL,フーコー,「権力は禁止するのではなく、生産する。正常と異常を作り出すことで」,0.732
/Users/hiroshikodera/repos/_active/tools/davinciauto/projects/OrionEp8/サウンド類/Narration/OrionEp8-040-NA.mp3,388.528,12.720,NA,NA,朝活ブームも、この視点で見ると違う顔を見せます。「成功者は朝型」という言説が、朝型を「正常」、夜型を「異常」として分類する。,0.598
/Users/hiroshikodera/repos/_active/tools/davinciauto/projects/OrionEp8/サウンド類/Narration/OrionEp8-041-NA.mp3,401.846,10.296,NA,NA,そして人々は、自ら進んで「正常」になろうとする。これこそ、フーコーが指摘した近代権力の巧妙さです。,0.546
/Users/hiroshikodera/repos/_active/tools/davinciauto/projects/OrionEp8/サウンド類/Narration/OrionEp8-042-NA.mp3,412.688,12.744,NA,NA,自己啓発は解放のように見えて、新たな規律化の側面も持っているかもしれません。「自由に生きる」ために、かえって不自由な習慣に縛られる皮肉。,0.622
/Users/hiroshikodera/repos/_active/tools/davinciauto/projects/OrionEp8/サウンド類/Narration/OrionEp8-043-NA.mp3,426.054,3.216,NA,NA,では、どうすればいいのでしょうか。,0.418
/Users/hiroshikodera/repos/_active/tools/davinciauto/projects/OrionEp8/サウンド類/Narration/OrionEp8-044-NA.mp3,429.688,11.352,NA,NA,アリストテレスの「中庸」は、自分にとっての最適点を見つけることを教えます。他人の5時起きではなく、あなたの最高の時間を。,0.590
/Users/hiroshikodera/repos/_active/tools/davinciauto/projects/OrionEp8/サウンド類/Narration/OrionEp8-045-NA.mp3,441.630,14.088,NA,NA,禅の「守破離」は、まず型を守り、次に型を破り、最後に型から離れる段階的な道を示します。朝活を試して合わなければ、夜活でも昼活でもいい。,0.618
/Users/hiroshikodera/repos/_active/tools/davinciauto/projects/OrionEp8/サウンド類/Narration/OrionEp8-046-NA.mp3,456.336,13.464,NA,NA,時間生物学は、体の声を聴くことの科学的根拠を与えてくれます。眠い時に寝て、冴えている時に働く。それが最も生産的。,0.574
/Users/hiroshikodera/repos/_active/tools/davinciauto/projects/OrionEp8/サウンド類/Narration/OrionEp8-047-NA.mp3,470.374,12.792,NA,NA,フーコーの批判は、「みんながやっているから」という理由を疑うことを促します。その習慣は本当にあなたのためか、それとも見えない権力の産物か。,0.626
/Users/hiroshikodera/repos/_active/tools/davinciauto/projects/OrionEp8/サウンド類/Narration/OrionEp8-048-NA.mp3,483.792,11.304,NA,NA,習慣は道具です。目的は、充実した人生。道具が目的化した時、私たちは習慣の奴隷になってしまう。,0.534
/Users/hiroshikodera/repos/_active/tools/davinciauto/projects/OrionEp8/サウンド類/Narration/OrionEp8-049-NA.mp3,495.630,7.512,NA,NA,次の月曜日の朝。アラームは6時半にセット。無理のない時間。,0.466
/Users/hiroshikodera/repos/_active/tools/davinciauto/projects/OrionEp8/サウンド類/Narration/OrionEp8-050-DL.mp3,503.608,2.184,DL,同僚A,「今朝も5時起きで——」,0.648
/Users/hiroshikodera/repos/_active/tools/davinciauto/projects/OrionEp8/サウンド類/Narration/OrionEp8-051-DL.mp3,506.440,6.840,DL,あなた,「すごいですね。私は夜の方が集中できるので、夜に勉強してます」,0.724
/Users/hiroshikodera/repos/_active/tools/davinciauto/projects/OrionEp8/サウンド類/Narration/OrionEp8-052-NA.mp3,514.004,7.320,NA,NA,罪悪感はもうない。人にはそれぞれのリズムがあり、それぞれの習慣がある。,0.490
/Users/hiroshikodera/repos/_active/tools/davinciauto/projects/OrionEp8/サウンド類/Narration/OrionEp8-053-NA.mp3,521.814,9.840,NA,NA,自己啓発書の山は、一冊を残して処分しました。残したのは、自分で選んだ、自分に合った一冊。,0.526
/Users/hiroshikodera/repos/_active/tools/davinciauto/projects/OrionEp8/サウンド類/Narration/OrionEp8-054-DL.mp3,532.180,3.024,DL,内なる声,「私には私の習慣がある」,0.648
/Users/hiroshikodera/repos/_active/tools/davinciauto/projects/OrionEp8/サウンド類/Narration/OrionEp8-055-NA.mp3,535.852,4.128,NA,NA,夜空を見上げると、オリオン座が輝いています。,0.438
/Users/hiroshikodera/repos/_active/tools/davinciauto/projects/OrionEp8/サウンド類/Narration/OrionEp8-056-NA.mp3,540.418,11.280,NA,NA,オリオンは、夏は見えず、冬に輝きます。朝見える日もあれば、夜見える日もある。それでもオリオンはオリオンです。,0.566
/Users/hiroshikodera/repos/_active/tools/davinciauto/projects/OrionEp8/サウンド類/Narration/OrionEp8-057-NA.mp3,552.264,15.792,NA,NA,アリストテレスの「ヘクシス」、禅の「守破離」、体内時計の多様性、フーコーの批判精神——これらの星を結んで見えてくるのは、「正しい習慣」ではなく「自分の習慣」を見つける勇気。,0.694
/Users/hiroshikodera/repos/_active/tools/davinciauto/projects/OrionEp8/サウンド類/Narration/OrionEp8-058-NA.mp3,568.750,6.744,NA,NA,7つの習慣があるなら、8つ目は「習慣を疑う習慣」かもしれません。,0.478
/Users/hiroshikodera/repos/_active/tools/davinciauto/projects/OrionEp8/サウンド類/Narration/OrionEp8-059-NA.mp3,575.972,5.424,NA,NA,知識の星座は、見る人によって違う物語を紡ぎます。,0.446
/Users/hiroshikodera/repos/_active/tools/davinciauto/projects/OrionEp8/サウンド類/Narration/OrionEp8-060-NA.mp3,581.842,4.080,NA,NA,あなたは今夜、どんな星座を見つけましたか？,0.734
/Users/hiroshikodera/repos/_active/tools/davinciauto/projects/OrionEp8/サウンド類/Narration/OrionEp8-061-NA.mp3,586.656,13.224,NA,NA,明日の朝、目覚ましが鳴る時、それがあなたの時間であることを願って。朝でも夜でも、あなたが最も輝く時間に、星はいつも寄り添っています。,0.614
