filename,start_sec,duration_sec,role,character,text,gap_after_sec
/Users/hiroshikodera/repos/_active/tools/davinciauto/projects/OrionEp1/サウンド類/Narration/OrionEp1-001-NA.mp3,0.500,5.592,NA,NA,転職した同期の投稿を見て、焦りを感じたことはありませんか？,0.766
/Users/hiroshikodera/repos/_active/tools/davinciauto/projects/OrionEp1/サウンド類/Narration/OrionEp1-002-NA.mp3,6.858,5.208,NA,NA,転職は『脱出』なのか、それとも『逃避』なのか？,0.742
/Users/hiroshikodera/repos/_active/tools/davinciauto/projects/OrionEp1/サウンド類/Narration/OrionEp1-003-NA.mp3,12.808,9.912,NA,NA,古代の民の40年の放浪と、現代の哲学者の洞察から、本当の『約束の地』を見つける8分間の旅。,0.530
/Users/hiroshikodera/repos/_active/tools/davinciauto/projects/OrionEp1/サウンド類/Narration/OrionEp1-004-NA.mp3,23.250,6.912,NA,NA,深夜0時。オフィスビルの窓に、まだポツポツと明かりが灯っています。,0.482
/Users/hiroshikodera/repos/_active/tools/davinciauto/projects/OrionEp1/サウンド類/Narration/OrionEp1-005-NA.mp3,30.644,17.304,NA,NA,その一室で、あなたはビジネス系SNSの画面を見つめている。元同期の転職報告。「新しいチャレンジ」「素晴らしい環境」—— そんな言葉が並ぶ投稿に、「いいね！」を押しながら、胸の奥がざわつく。,0.726
/Users/hiroshikodera/repos/_active/tools/davinciauto/projects/OrionEp1/サウンド類/Narration/OrionEp1-006-NA.mp3,48.674,3.528,NA,NA,また一人、脱出に成功した。,0.402
/Users/hiroshikodera/repos/_active/tools/davinciauto/projects/OrionEp1/サウンド類/Narration/OrionEp1-007-NA.mp3,52.604,14.232,NA,NA,ようこそ、オリオンの会議室へ。ここは、時代を超えた知恵が交差する場所。今夜は「転職の約束」について、3000年の時を超えた対話を始めましょう。,0.634
/Users/hiroshikodera/repos/_active/tools/davinciauto/projects/OrionEp1/サウンド類/Narration/OrionEp1-008-NA.mp3,67.470,3.240,NA,NA,今夜結ぶのは、こんな星座。,0.402
/Users/hiroshikodera/repos/_active/tools/davinciauto/projects/OrionEp1/サウンド類/Narration/OrionEp1-009-NA.mp3,71.112,13.344,NA,NA,エジプトから脱出した古代イスラエルの民、「神は死んだ」と宣言したニーチェ、組織論を研究する現代の学者たち、そして迷宮に閉じ込められたカフカの主人公——,0.650
/Users/hiroshikodera/repos/_active/tools/davinciauto/projects/OrionEp1/サウンド類/Narration/OrionEp1-010-NA.mp3,85.106,9.816,NA,NA,時代も場所も違う星々が、「脱出」と「約束」という糸で結ばれて、ひとつの物語を紡ぎ始めます。,0.530
/Users/hiroshikodera/repos/_active/tools/davinciauto/projects/OrionEp1/サウンド類/Narration/OrionEp1-011-NA.mp3,95.452,6.096,NA,NA,スマホの通知音。また転職エージェントからのスカウトメール。,0.466
/Users/hiroshikodera/repos/_active/tools/davinciauto/projects/OrionEp1/サウンド類/Narration/OrionEp1-012-NA.mp3,102.014,8.592,NA,NA,「年収30%アップ」「リモートワーク完全対応」「成長できる環境」—— 甘い言葉が並んでいます。,0.538
/Users/hiroshikodera/repos/_active/tools/davinciauto/projects/OrionEp1/サウンド類/Narration/OrionEp1-013-DL.mp3,111.144,3.120,DL,同僚A,「うちの会社、もう限界かもね...」,0.672
/Users/hiroshikodera/repos/_active/tools/davinciauto/projects/OrionEp1/サウンド類/Narration/OrionEp1-014-NA.mp3,114.936,13.392,NA,NA,金曜日の飲み会。愚痴と不満のオンパレード。みんな口々に「転職」を口にする。でも月曜日になれば、また同じデスクに座っている。,0.594
/Users/hiroshikodera/repos/_active/tools/davinciauto/projects/OrionEp1/サウンド類/Narration/OrionEp1-015-NA.mp3,128.922,13.128,NA,NA,転職サイトのブックマークフォルダが、いつの間にか「転職検討中」から「転職情報」に名前が変わっている。でも、本当に飛び出す勇気はない。,0.614
/Users/hiroshikodera/repos/_active/tools/davinciauto/projects/OrionEp1/サウンド類/Narration/OrionEp1-016-NA.mp3,142.664,7.728,NA,NA,この「もっといい場所があるはず」という思い。それは現代特有の病なのでしょうか？,0.806
/Users/hiroshikodera/repos/_active/tools/davinciauto/projects/OrionEp1/サウンド類/Narration/OrionEp1-017-NA.mp3,151.198,2.448,NA,NA,いいえ、違います。,0.386
/Users/hiroshikodera/repos/_active/tools/davinciauto/projects/OrionEp1/サウンド類/Narration/OrionEp1-018-NA.mp3,154.032,4.512,NA,NA,『旧約聖-書・出エジプト記』は伝えています。,0.438
/Users/hiroshikodera/repos/_active/tools/davinciauto/projects/OrionEp1/サウンド類/Narration/OrionEp1-019-NA.mp3,158.982,12.528,NA,NA,そこにモーセが現れ、約束の地への脱出——出エジプトが始まります。紅海が割れ、民は歓喜の中、自由への第一歩を踏み出しました。,0.594
/Users/hiroshikodera/repos/_active/tools/davinciauto/projects/OrionEp1/サウンド類/Narration/OrionEp1-020-NA.mp3,172.104,1.512,NA,NA,しかし——,0.370
/Users/hiroshikodera/repos/_active/tools/davinciauto/projects/OrionEp1/サウンド類/Narration/OrionEp1-021-DL.mp3,173.986,6.744,DL,イスラエルの民,「エジプトにいた方がよかった。あそこには肉鍋があり、パンを腹いっぱい食べられた」,0.760
/Users/hiroshikodera/repos/_active/tools/davinciauto/projects/OrionEp1/サウンド類/Narration/OrionEp1-022-NA.mp3,181.490,11.232,NA,NA,自由の荒野で、民は奴隷時代を懐かしみ始めたのです。この嘆きは『出エジプト記』16章3節に記録されています。,0.562
/Users/hiroshikodera/repos/_active/tools/davinciauto/projects/OrionEp1/サウンド類/Narration/OrionEp1-023-NA.mp3,193.284,17.064,NA,NA,なぜでしょう？ それは奴隷の生活が、苦しくても「予測可能」だったから。明日も明後日も、同じ苦役が続く。それは辛い。でも、少なくとも何が起きるかは分かっていた。,0.966
/Users/hiroshikodera/repos/_active/tools/davinciauto/projects/OrionEp1/サウンド類/Narration/OrionEp1-024-NA.mp3,211.314,12.864,NA,NA,一方、自由の荒野は不確実性に満ちています。約束の地は「いつか」「どこかに」ある。でもそれまでの道のりは、誰にも分からない。,0.594
/Users/hiroshikodera/repos/_active/tools/davinciauto/projects/OrionEp1/サウンド類/Narration/OrionEp1-025-NA.mp3,224.772,7.440,NA,NA,40年。それが彼らの放浪の時間だったと『民数記』は記録しています。,0.482
/Users/hiroshikodera/repos/_active/tools/davinciauto/projects/OrionEp1/サウンド類/Narration/OrionEp1-026-NA.mp3,232.694,9.792,NA,NA,19世紀のドイツ。哲学者フリードリヒ・ニーチェは、現代人の精神状態を鋭く分析しました。,0.522
/Users/hiroshikodera/repos/_active/tools/davinciauto/projects/OrionEp1/サウンド類/Narration/OrionEp1-027-DL.mp3,243.008,4.512,DL,ニーチェ,「神は死んだ。そして我々が神を殺したのだ」,0.684
/Users/hiroshikodera/repos/_active/tools/davinciauto/projects/OrionEp1/サウンド類/Narration/OrionEp1-028-NA.mp3,248.204,12.624,NA,NA,この言葉は『悦ばしき知識』第125節「狂人」に登場します。ニーチェが指摘したのは、絶対的な価値や保証の崩壊でした。,0.578
/Users/hiroshikodera/repos/_active/tools/davinciauto/projects/OrionEp1/サウンド類/Narration/OrionEp1-029-NA.mp3,261.406,7.512,NA,NA,興味深いのは、ニーチェが『道徳の系譜』で展開した「奴隷道徳」の概念です。,0.494
/Users/hiroshikodera/repos/_active/tools/davinciauto/projects/OrionEp1/サウンド類/Narration/OrionEp1-030-NA.mp3,269.412,16.320,NA,NA,それは、支配される側が自らの境遇を正当化するために作り出す価値観。「忍耐は美徳」「現状維持は安全」—— そんな価値観の鎖に、私たちは気づかぬうちに縛られているのかもしれません。,0.702
/Users/hiroshikodera/repos/_active/tools/davinciauto/projects/OrionEp1/サウンド類/Narration/OrionEp1-031-NA.mp3,286.434,10.968,NA,NA,終身雇用という「神」は、すでに揺らいでいるのかもしれません。でも、その亡霊はまだ私たちの心に宿っているようです。,0.574
/Users/hiroshikodera/repos/_active/tools/davinciauto/projects/OrionEp1/サウンド類/Narration/OrionEp1-032-NA.mp3,297.976,14.544,NA,NA,21世紀の組織心理学は、「心理的契約」という概念を提唱しています。この概念は、デニス・ルソーらによって1990年代に体系化されました。,0.618
/Users/hiroshikodera/repos/_active/tools/davinciauto/projects/OrionEp1/サウンド類/Narration/OrionEp1-033-NA.mp3,313.138,13.920,NA,NA,それは雇用契約書には書かれていない、組織と個人の間の暗黙の相互期待。「会社は私を大切にしてくれる」「私は会社に尽くす」—— この見えない契約。,0.634
/Users/hiroshikodera/repos/_active/tools/davinciauto/projects/OrionEp1/サウンド類/Narration/OrionEp1-034-NA.mp3,327.692,9.192,NA,NA,fMRIによる脳科学研究が示唆するのは、不確実性に直面した時の私たちの反応パターンです。,0.526
/Users/hiroshikodera/repos/_active/tools/davinciauto/projects/OrionEp1/サウンド類/Narration/OrionEp1-035-NA.mp3,337.410,24.648,NA,NA,転職を考える時、扁桃体が活性化し、コルチゾールなどのストレスホルモンが分泌されるという報告があります。これは古代の人類が捕食者から逃げる時と似た反応。つまり、「知っている苦しみ」の方が「知らない可能性」より、生物学的に安全と感じるようプログラムされている可能性があるのです。,0.750
/Users/hiroshikodera/repos/_active/tools/davinciauto/projects/OrionEp1/サウンド類/Narration/OrionEp1-036-NA.mp3,362.808,10.776,NA,NA,経済学者アルベール・O・ハーシュマンは『離脱・発言・忠誠』で、組織への不満に対する3つの選択肢を示しました。,0.566
/Users/hiroshikodera/repos/_active/tools/davinciauto/projects/OrionEp1/サウンド類/Narration/OrionEp1-037-NA.mp3,374.150,3.480,NA,NA,では、どう考えればいいのでしょうか。,0.422
/Users/hiroshikodera/repos/_active/tools/davinciauto/projects/OrionEp1/サウンド類/Narration/OrionEp1-038-NA.mp3,378.052,12.432,NA,NA,出エジプトの物語が教えてくれるのは、「脱出」自体が目的ではないということ。重要なのは、何から逃げるかではなく、何に向かって進むか。,0.610
/Users/hiroshikodera/repos/_active/tools/davinciauto/projects/OrionEp1/サウンド類/Narration/OrionEp1-039-NA.mp3,391.094,17.448,NA,NA,40年の放浪は、単なる迷走ではありませんでした。それは奴隷マインドから自由な精神への、内的な変容の時間だったのかもしれません。外的な状況を変える前に、内的な準備が必要だったのです。,0.710
/Users/hiroshikodera/repos/_active/tools/davinciauto/projects/OrionEp1/サウンド類/Narration/OrionEp1-040-NA.mp3,409.252,4.416,NA,NA,転職サイトを見る前に、問うべきことがあります。,0.442
/Users/hiroshikodera/repos/_active/tools/davinciauto/projects/OrionEp1/サウンド類/Narration/OrionEp1-041-NA.mp3,414.110,7.200,NA,NA,「私は何から脱出したいのか？」そして「私は何を約束の地だと思っているのか？」,0.802
/Users/hiroshikodera/repos/_active/tools/davinciauto/projects/OrionEp1/サウンド類/Narration/OrionEp1-042-NA.mp3,422.112,9.576,NA,NA,もしかしたら、約束の地は「どこか別の場所」ではなく、今いる場所を新しい目で見ることから始まるのかもしれません。,0.570
/Users/hiroshikodera/repos/_active/tools/davinciauto/projects/OrionEp1/サウンド類/Narration/OrionEp1-043-NA.mp3,432.258,7.296,NA,NA,月曜日の朝。いつものオフィスに向かう足取りが、少し違って感じられます。,0.490
/Users/hiroshikodera/repos/_active/tools/davinciauto/projects/OrionEp1/サウンド類/Narration/OrionEp1-044-NA.mp3,440.044,7.032,NA,NA,同じ景色、同じデスク、同じ仕事。でも、見方を変えれば——,0.462
/Users/hiroshikodera/repos/_active/tools/davinciauto/projects/OrionEp1/サウンド類/Narration/OrionEp1-045-NA.mp3,447.538,14.832,NA,NA,ここは奴隷の地ではなく、可能性の実験場かもしれない。上司との関係性を変える「発言」の機会があるかもしれない。仕事の意味を再定義する自由があるかもしれない。,0.658
/Users/hiroshikodera/repos/_active/tools/davinciauto/projects/OrionEp1/サウンド類/Narration/OrionEp1-046-NA.mp3,463.028,10.464,NA,NA,転職という「離脱」も、もちろん選択肢の一つ。でもそれは、内なる約束の地が明確になってからでも遅くはない。,0.558
/Users/hiroshikodera/repos/_active/tools/davinciauto/projects/OrionEp1/サウンド類/Narration/OrionEp1-047-NA.mp3,474.050,11.712,NA,NA,大切なのは、「ここではない、どこか」という幻想に振り回されないこと。そして、今いる場所で育てられる自由を、見逃さないこと。,0.594
/Users/hiroshikodera/repos/_active/tools/davinciauto/projects/OrionEp1/サウンド類/Narration/OrionEp1-048-NA.mp3,486.356,6.912,NA,NA,ビジネス系SNSの画面を閉じて、夜空を見上げると、オリオン座が輝いています。,0.502
/Users/hiroshikodera/repos/_active/tools/davinciauto/projects/OrionEp1/サウンド類/Narration/OrionEp1-049-NA.mp3,493.770,16.872,NA,NA,3000年前の脱出劇、150年前の哲学者の洞察、そして現代の科学。それらの星を結んで浮かび上がったのは、「本当の自由は内側から始まる」という、シンプルで深い真実でした。,0.686
/Users/hiroshikodera/repos/_active/tools/davinciauto/projects/OrionEp1/サウンド類/Narration/OrionEp1-050-NA.mp3,511.328,9.336,NA,NA,転職は悪ではない。でも、それが単なる逃避なら、新しい職場もいずれ新しいエジプトになる。,0.522
/Users/hiroshikodera/repos/_active/tools/davinciauto/projects/OrionEp1/サウンド類/Narration/OrionEp1-051-NA.mp3,521.186,9.600,NA,NA,約束の地は、履歴書を更新することからではなく、自分自身との約束を更新することから始まるのかもしれません。,0.558
/Users/hiroshikodera/repos/_active/tools/davinciauto/projects/OrionEp1/サウンド類/Narration/OrionEp1-052-NA.mp3,531.344,5.424,NA,NA,知識の星座は、見る人によって違う物語を紡ぎます。,0.446
/Users/hiroshikodera/repos/_active/tools/davinciauto/projects/OrionEp1/サウンド類/Narration/OrionEp1-053-NA.mp3,537.214,4.080,NA,NA,あなたは今夜、どんな星座を見つけましたか？,0.734
/Users/hiroshikodera/repos/_active/tools/davinciauto/projects/OrionEp1/サウンド類/Narration/OrionEp1-054-NA.mp3,542.028,12.696,NA,NA,明日の朝、いつものデスクに座る時、きっと違う景色が見えてくるはず。そして夜空には、まだ無数の星が、新しい物語を待っています。,0.598
