filename,start_sec,duration_sec,role,character,text,gap_after_sec
/Users/hiroshikodera/repos/_active/tools/davinciauto/projects/OrionEp9/サウンド類/Narration/OrionEp9-001-NA.mp3,0.500,6.888,NA,NA,コンプライアンスは完璧なのに、なぜか息苦しい職場を経験したことはありませんか？,0.806
/Users/hiroshikodera/repos/_active/tools/davinciauto/projects/OrionEp9/サウンド類/Narration/OrionEp9-002-NA.mp3,8.194,6.096,NA,NA,この違和感は、わがままなのか、それとも人間性への警鐘なのか？,0.770
/Users/hiroshikodera/repos/_active/tools/davinciauto/projects/OrionEp9/サウンド類/Narration/OrionEp9-003-NA.mp3,15.060,9.936,NA,NA,理想国家を描いたプラトンと、ディストピアを警告したオーウェルが明かす、『完璧という幻想』と共に生きる8分間。,0.566
/Users/hiroshikodera/repos/_active/tools/davinciauto/projects/OrionEp9/サウンド類/Narration/OrionEp9-004-NA.mp3,25.562,11.904,NA,NA,深夜のオフィスビル。ガラス張りの会議室に並ぶ、分厚いコンプライアンスマニュアル。壁には企業理念が額装されて飾られています。,0.594
/Users/hiroshikodera/repos/_active/tools/davinciauto/projects/OrionEp9/サウンド類/Narration/OrionEp9-005-NA.mp3,38.060,7.728,NA,NA,「誠実」「公正」「透明性」——美しい言葉たち。でも、なぜか息が詰まる。,0.490
/Users/hiroshikodera/repos/_active/tools/davinciauto/projects/OrionEp9/サウンド類/Narration/OrionEp9-006-NA.mp3,46.278,13.800,NA,NA,コンプライアンス研修から戻った社員の、疲れた表情。規則は完璧、でも人は幸せじゃない。これが私たちの求めていた「正しい会社」なのでしょうか。,0.626
/Users/hiroshikodera/repos/_active/tools/davinciauto/projects/OrionEp9/サウンド類/Narration/OrionEp9-007-NA.mp3,60.704,14.520,NA,NA,古代の理想と現代の現実。完璧への憧れと不完全な日常。時代を超えた星々を結んで、新しい視座を見つける——ここは、オリオンの会議室。,0.606
/Users/hiroshikodera/repos/_active/tools/davinciauto/projects/OrionEp9/サウンド類/Narration/OrionEp9-008-NA.mp3,75.830,3.240,NA,NA,今夜結ぶのは、こんな星座。,0.402
/Users/hiroshikodera/repos/_active/tools/davinciauto/projects/OrionEp9/サウンド類/Narration/OrionEp9-009-NA.mp3,79.472,12.432,NA,NA,理想国家を描いたプラトン、正義の原理を探ったジョン・ロールズ、完璧な都市を設計したル・コルビュジエ、そしてディストピアを描いたジョージ・オーウェル——,0.650
/Users/hiroshikodera/repos/_active/tools/davinciauto/projects/OrionEp9/サウンド類/Narration/OrionEp9-010-NA.mp3,92.554,8.808,NA,NA,理想と現実、秩序と自由。相反する星々が、ひとつの物語を紡ぎ始めます。,0.486
/Users/hiroshikodera/repos/_active/tools/davinciauto/projects/OrionEp9/サウンド類/Narration/OrionEp9-011-NA.mp3,101.848,3.936,NA,NA,水曜日の午後、コンプライアンス研修。,0.422
/Users/hiroshikodera/repos/_active/tools/davinciauto/projects/OrionEp9/サウンド類/Narration/OrionEp9-012-DL.mp3,106.206,5.976,DL,講師,「ハラスメント防止規定第47条、該当する行為を発見した場合は...」,0.736
/Users/hiroshikodera/repos/_active/tools/davinciauto/projects/OrionEp9/サウンド類/Narration/OrionEp9-013-NA.mp3,112.918,2.928,NA,NA,隣の同僚がつぶやきます。,0.398
/Users/hiroshikodera/repos/_active/tools/davinciauto/projects/OrionEp9/サウンド類/Narration/OrionEp9-014-DL.mp3,116.244,5.280,DL,同僚A,「規則は完璧。でも、なんでこんなに疲れるんだろう」,0.700
/Users/hiroshikodera/repos/_active/tools/davinciauto/projects/OrionEp9/サウンド類/Narration/OrionEp9-015-NA.mp3,122.224,10.680,NA,NA,転職サイトを見る人も多い。「風通しの良い職場」「フラットな組織」——理想の会社を探して、人々は彷徨います。,0.562
/Users/hiroshikodera/repos/_active/tools/davinciauto/projects/OrionEp9/サウンド類/Narration/OrionEp9-016-DL.mp3,133.466,3.528,DL,転職5回目の先輩,「完璧な会社なんて、どこにもないよ」,0.672
/Users/hiroshikodera/repos/_active/tools/davinciauto/projects/OrionEp9/サウンド類/Narration/OrionEp9-017-NA.mp3,137.666,9.360,NA,NA,でも、本当にそうでしょうか。どこかに「正しい会社」があるはずだと、私たちは信じ続けています。,0.534
/Users/hiroshikodera/repos/_active/tools/davinciauto/projects/OrionEp9/サウンド類/Narration/OrionEp9-018-NA.mp3,147.560,8.976,NA,NA,紀元前4世紀、古代ギリシャ。プラトンは『国家』で、完璧な社会を設計しようとしました。,0.518
/Users/hiroshikodera/repos/_active/tools/davinciauto/projects/OrionEp9/サウンド類/Narration/OrionEp9-019-NA.mp3,157.054,12.144,NA,NA,哲学者が統治者となり、守護者が秩序を守り、生産者が経済を支える。各人が最も適した役割を果たす、理想の国家。,0.562
/Users/hiroshikodera/repos/_active/tools/davinciauto/projects/OrionEp9/サウンド類/Narration/OrionEp9-020-DL.mp3,169.760,6.648,DL,プラトン,「正義とは、各人が自分の仕事を為し、他人の仕事に手を出さないことである」,0.744
/Users/hiroshikodera/repos/_active/tools/davinciauto/projects/OrionEp9/サウンド類/Narration/OrionEp9-021-NA.mp3,177.152,7.776,NA,NA,美しい理論です。しかし、プラトンの理想国家には恐ろしい側面もありました。,0.494
/Users/hiroshikodera/repos/_active/tools/davinciauto/projects/OrionEp9/サウンド類/Narration/OrionEp9-022-NA.mp3,185.422,10.536,NA,NA,プラトンの理想国家では、詩人は追放され、音楽は検閲され、子供は親から引き離されて国家が育てるとされています。,0.566
/Users/hiroshikodera/repos/_active/tools/davinciauto/projects/OrionEp9/サウンド類/Narration/OrionEp9-023-NA.mp3,196.524,7.488,NA,NA,効率的で、公正で、完璧な社会。でも、そこに自由はありません。,0.470
/Users/hiroshikodera/repos/_active/tools/davinciauto/projects/OrionEp9/サウンド類/Narration/OrionEp9-024-NA.mp3,204.482,8.832,NA,NA,哲学者カール・ポパーは後に批判しました。「プラトンの理想国家は、開かれた社会の敵だ」と。,0.526
/Users/hiroshikodera/repos/_active/tools/davinciauto/projects/OrionEp9/サウンド類/Narration/OrionEp9-025-NA.mp3,213.840,12.024,NA,NA,完璧を求めるあまり、人間性を失う。2400年前に描かれた理想国家は、現代の私たちに重要な警告を発しています。,0.566
/Users/hiroshikodera/repos/_active/tools/davinciauto/projects/OrionEp9/サウンド類/Narration/OrionEp9-026-NA.mp3,226.430,6.600,NA,NA,20世紀、建築家ル・コルビュジエは「輝く都市」を構想しました。,0.474
/Users/hiroshikodera/repos/_active/tools/davinciauto/projects/OrionEp9/サウンド類/Narration/OrionEp9-027-NA.mp3,233.504,12.096,NA,NA,機能的で、効率的で、美しい都市。高層ビルが整然と並び、緑地が計画的に配置され、交通は完璧に制御される。,0.554
/Users/hiroshikodera/repos/_active/tools/davinciauto/projects/OrionEp9/サウンド類/Narration/OrionEp9-028-DL.mp3,246.154,2.784,DL,ル・コルビュジエ,「住宅は住むための機械である」,0.660
/Users/hiroshikodera/repos/_active/tools/davinciauto/projects/OrionEp9/サウンド類/Narration/OrionEp9-029-NA.mp3,249.598,18.648,NA,NA,彼の理想に影響を受けて、世界中で団地やニュータウンが建設されました。その結果、画一的な建物や人間味の乏しい空間という批判も生まれましたが、一方で建築に革命的な変化をもたらしたという評価もあります。,0.742
/Users/hiroshikodera/repos/_active/tools/davinciauto/projects/OrionEp9/サウンド類/Narration/OrionEp9-030-NA.mp3,268.988,12.432,NA,NA,ブラジリアはその典型例。首都として完璧に設計された都市ですが、住民からは「美しいが、人が住む場所じゃない」といった声も聞かれます。,0.610
/Users/hiroshikodera/repos/_active/tools/davinciauto/projects/OrionEp9/サウンド類/Narration/OrionEp9-031-NA.mp3,282.030,8.856,NA,NA,理想の追求が、生活の豊かさを奪う。この皮肉を、私たちは何度も繰り返しています。,0.506
/Users/hiroshikodera/repos/_active/tools/davinciauto/projects/OrionEp9/サウンド類/Narration/OrionEp9-032-NA.mp3,291.392,9.480,NA,NA,1949年、ジョージ・オーウェルは『1984年』で究極の管理社会を描きました。,0.506
/Users/hiroshikodera/repos/_active/tools/davinciauto/projects/OrionEp9/サウンド類/Narration/OrionEp9-033-NA.mp3,301.378,8.832,NA,NA,ビッグ・ブラザーが見守る社会。思考警察が異端を取り締まり、二重思考で矛盾を受け入れる。,0.522
/Users/hiroshikodera/repos/_active/tools/davinciauto/projects/OrionEp9/サウンド類/Narration/OrionEp9-034-DL.mp3,310.732,6.552,DL,オーウェル,「戦争は平和である。自由は隷属である。無知は力である」,0.708
/Users/hiroshikodera/repos/_active/tools/davinciauto/projects/OrionEp9/サウンド類/Narration/OrionEp9-035-NA.mp3,317.992,9.240,NA,NA,これは単なるフィクションではありませんでした。全体主義の恐怖を経験したオーウェルの、切実な警告でした。,0.554
/Users/hiroshikodera/repos/_active/tools/davinciauto/projects/OrionEp9/サウンド類/Narration/OrionEp9-036-NA.mp3,327.786,12.696,NA,NA,興味深いのは、『1984年』の社会も「正義」を掲げていたこと。党は人民の幸福のために、完璧な社会を作ろうとしているのです。,0.594
/Users/hiroshikodera/repos/_active/tools/davinciauto/projects/OrionEp9/サウンド類/Narration/OrionEp9-037-NA.mp3,341.076,15.552,NA,NA,現代の企業も、似た危険を孕んでいます。360度監視、行動規範の細分化、思想教育という名の研修——善意から始まった管理が、いつの間にか抑圧に変わる。,0.642
/Users/hiroshikodera/repos/_active/tools/davinciauto/projects/OrionEp9/サウンド類/Narration/OrionEp9-038-NA.mp3,357.270,6.552,NA,NA,20世紀後半、政治哲学者ジョン・ロールズは違うアプローチを取りました。,0.490
/Users/hiroshikodera/repos/_active/tools/davinciauto/projects/OrionEp9/サウンド類/Narration/OrionEp9-039-NA.mp3,364.312,6.360,NA,NA,彼は完璧な社会ではなく、「十分に正義に適った社会」を目指しました。,0.482
/Users/hiroshikodera/repos/_active/tools/davinciauto/projects/OrionEp9/サウンド類/Narration/OrionEp9-040-DL.mp3,371.154,6.000,DL,ロールズの洞察,「正義の原理は、不完全な人間が作る、不完全な制度のためのものだ」,0.728
/Users/hiroshikodera/repos/_active/tools/davinciauto/projects/OrionEp9/サウンド類/Narration/OrionEp9-041-NA.mp3,377.882,14.280,NA,NA,「無知のヴェール」という思考実験。自分がどんな立場になるか分からない状態で、社会のルールを決める。すると、最も不利な立場の人も守られるルールができる。,0.650
/Users/hiroshikodera/repos/_active/tools/davinciauto/projects/OrionEp9/サウンド類/Narration/OrionEp9-042-NA.mp3,392.812,10.512,NA,NA,これは理想主義ではなく、現実主義です。人間の不完全さを前提に、それでも少しでもマシな社会を作ろうとする。,0.558
/Users/hiroshikodera/repos/_active/tools/davinciauto/projects/OrionEp9/サウンド類/Narration/OrionEp9-043-NA.mp3,403.882,9.816,NA,NA,21世紀、複雑系科学の視点は、組織における「遊び」や「冗長性」の重要性を教えてくれます。,0.526
/Users/hiroshikodera/repos/_active/tools/davinciauto/projects/OrionEp9/サウンド類/Narration/OrionEp9-044-NA.mp3,414.224,12.600,NA,NA,アリのコロニーを観察した研究では、一見「何もしていない」ように見えるアリが、実は巣の危機に対応する予備軍の役割を果たしていることが示唆されています。,0.646
/Users/hiroshikodera/repos/_active/tools/davinciauto/projects/OrionEp9/サウンド類/Narration/OrionEp9-045-NA.mp3,427.470,13.560,NA,NA,物理学者イリヤ・プリゴジンは「散逸構造論」でノーベル賞を受賞。秩序は、完全な統制からではなく、カオスの縁から生まれることを証明しました。,0.622
/Users/hiroshikodera/repos/_active/tools/davinciauto/projects/OrionEp9/サウンド類/Narration/OrionEp9-046-NA.mp3,441.652,14.136,NA,NA,また、大企業の平均寿命が短縮傾向にあるという指摘もあります。効率化と最適化を追求しすぎた組織ほど、予期せぬ環境変化に脆くなるという見方です。,0.630
/Users/hiroshikodera/repos/_active/tools/davinciauto/projects/OrionEp9/サウンド類/Narration/OrionEp9-047-NA.mp3,456.418,12.936,NA,NA,例えば、京都の老舗企業などには、「家訓」のようなゆるやかな原則はあっても詳細なマニュアルはなく、それがかえって長寿の秘訣となっているケースが見られます。,0.654
/Users/hiroshikodera/repos/_active/tools/davinciauto/projects/OrionEp9/サウンド類/Narration/OrionEp9-048-NA.mp3,470.008,3.480,NA,NA,では、どう向き合えばいいのでしょうか。,0.426
/Users/hiroshikodera/repos/_active/tools/davinciauto/projects/OrionEp9/サウンド類/Narration/OrionEp9-049-NA.mp3,473.914,10.992,NA,NA,プラトンの理想国家が教えるのは、完璧への執着の危険性。理想を追求するあまり、人間性を見失ってはいけない。,0.558
/Users/hiroshikodera/repos/_active/tools/davinciauto/projects/OrionEp9/サウンド類/Narration/OrionEp9-050-NA.mp3,485.464,8.976,NA,NA,オーウェルの警告は、善意の管理が抑圧に変わる可能性。常に批判的な目を持ち続けること。,0.518
/Users/hiroshikodera/repos/_active/tools/davinciauto/projects/OrionEp9/サウンド類/Narration/OrionEp9-051-NA.mp3,494.958,8.712,NA,NA,ロールズの知恵は、不完全さを前提とした改善。完璧を求めず、少しずつ良くしていく。,0.510
/Users/hiroshikodera/repos/_active/tools/davinciauto/projects/OrionEp9/サウンド類/Narration/OrionEp9-052-NA.mp3,504.180,10.032,NA,NA,組織生態学が示すのは、多様性と冗長性の価値。効率一辺倒ではなく、「あそび」を残す勇気。,0.522
/Users/hiroshikodera/repos/_active/tools/davinciauto/projects/OrionEp9/サウンド類/Narration/OrionEp9-053-NA.mp3,514.734,5.064,NA,NA,次の月曜日。何も劇的には変わりません。,0.426
/Users/hiroshikodera/repos/_active/tools/davinciauto/projects/OrionEp9/サウンド類/Narration/OrionEp9-054-NA.mp3,520.224,7.320,NA,NA,コンプライアンス研修は続いています。ただ、休憩時間に部長がポツリと。,0.486
/Users/hiroshikodera/repos/_active/tools/davinciauto/projects/OrionEp9/サウンド類/Narration/OrionEp9-055-DL.mp3,528.030,7.152,DL,部長,「規則は守る。でも、規則にない部分で、もう少し...人間的にやれないかな」,0.748
/Users/hiroshikodera/repos/_active/tools/davinciauto/projects/OrionEp9/サウンド類/Narration/OrionEp9-056-NA.mp3,535.930,9.744,NA,NA,曖-昧です。矛盾しています。でも、その矛盾を抱えたまま、少しずつ空気が変わり始めます。,0.522
/Users/hiroshikodera/repos/_active/tools/davinciauto/projects/OrionEp9/サウンド類/Narration/OrionEp9-057-DL.mp3,546.196,3.984,DL,若手社員,「完璧じゃないけど、前よりは...息ができる」,0.692
/Users/hiroshikodera/repos/_active/tools/davinciauto/projects/OrionEp9/サウンド類/Narration/OrionEp9-058-NA.mp3,550.872,8.448,NA,NA,転職サイトはまだブックマークに残っています。でも、「完璧な会社」を探すのはやめました。,0.522
/Users/hiroshikodera/repos/_active/tools/davinciauto/projects/OrionEp9/サウンド類/Narration/OrionEp9-059-NA.mp3,559.842,10.272,NA,NA,代わりに、この不完全な場所で、不完全なりに何ができるか。小さな改善、小さな抵抗、小さな希望。,0.534
/Users/hiroshikodera/repos/_active/tools/davinciauto/projects/OrionEp9/サウンド類/Narration/OrionEp9-060-NA.mp3,570.648,5.064,NA,NA,理想と現実の間で、私たちは今日も働いています。,0.442
/Users/hiroshikodera/repos/_active/tools/davinciauto/projects/OrionEp9/サウンド類/Narration/OrionEp9-061-NA.mp3,576.154,14.568,NA,NA,星座も完璧ではありません。星の配置は偶然で、形も文化によって違う。でも、その不完全さこそが、想像力を刺激し、物語を生み出します。,0.606
/Users/hiroshikodera/repos/_active/tools/davinciauto/projects/OrionEp9/サウンド類/Narration/OrionEp9-062-NA.mp3,591.328,10.992,NA,NA,完璧な組織は存在しない。そして、それでいい。不完全さと共に生きることこそ、人間らしさなのかもしれません。,0.558
/Users/hiroshikodera/repos/_active/tools/davinciauto/projects/OrionEp9/サウンド類/Narration/OrionEp9-063-NA.mp3,602.878,5.424,NA,NA,知識の星座は、見る人によって違う物語を紡ぎます。,0.446
/Users/hiroshikodera/repos/_active/tools/davinciauto/projects/OrionEp9/サウンド類/Narration/OrionEp9-064-NA.mp3,608.748,4.080,NA,NA,あなたは今夜、どんな星座を見つけましたか？,0.734
/Users/hiroshikodera/repos/_active/tools/davinciauto/projects/OrionEp9/サウンド類/Narration/OrionEp9-065-NA.mp3,613.562,14.184,NA,NA,明日の職場で、完璧ではない現実を受け入れながら、それでも少しずつ良くしていく。その小さな一歩が、本当の意味での「正しい会社」への道なのかもしれません。,0.650
